euclidean_matrix	cory1	cory2	cory3	cory4	cory5	cory6	cory7	cory8	cory9	cory10	cory11	cory12	cory13	cory14	cory15	cory16	cory17	cory18	cory19	cory20	cory21	cory22	cory23	cory24	cory25	cory26	cory27	cory28	cory29	cory30	cory31	cory32	cory33	cory34	cory35	cory36	cory37	cory38	cory39	cory40	cory41	cory42	cory43	cory44	cory45	cory46	cory47	cory48	cory49	cory50	cory51	cory52	cory53	cory54	cory55	cory56	cory57	cory58	cory59	cory60	cory61	cory62	cory63	cory64	cory65	cory66	cory67	cory68	cory69	cory70	cory71	cory72	cory73	cory74	cory75	cory76	cory77	cory78	cory79	cory80	cory81	cory82	cory83	cory84	cory85	cory86	cory87	cory88	cory89	cory90	cory91	cory92	cory93	cory94	cory95	cory96	cory97	cory98	cory99	cory100	cory101	cory102	cory103	cory104	cory105	cory106	cory107	cory108	cory109	cory110	cory111	cory112	cory113	cory114	cory115	cory116	cory117	cory118	cory119	cory120	cory121	cory122	cory123	cory124	cory125	cory126	cory127	cory128	cory129	cory130	cory131	cory132	cory133	cory134	cory135	cory136	cory137	cory138	cory139	cory140	cory141	cory142	cory143	cory144	cory145	cory146	cory147	cory148	cory149	cory150	cory151	cory152	cory153	cory154	cory155	cory156	cory157	cory158	cory159	cory160	cory161	cory162	cory163	cory164	cory165	cory166	cory167	cory168	cory169	cory170	cory171	cory172	cory173	cory174	cory175	cory176	cory177	cory178	cory179	cory180	cory181	cory182	cory183	cory184	cory185	cory186	cory187	cory188	cory189	cory190	cory191	cory192	cory193	cory194	cory195	cory196	cory197	cory198	cory199	cory200	cory201	cory202	cory203	cory204	cory205	cory206	cory207	cory208	cory209	cory210	cory211	cory212	cory213	cory214	cory215	cory216	cory217	cory218	cory219	cory220	cory221	cory222	cory223	cory224	cory225	cory226	cory227	cory228	cory229	cory230	cory231	cory232	cory233	cory234	cory235	cory236	cory237	cory238	cory239	cory240	cory241	cory242	cory243	cory244	cory245	cory246	cory247	cory248	cory249	cory250	cory251	cory252	cory253	cory254	cory255	cory256	cory257	cory258	cory259	cory260	cory261	cory263	cory264	cory265	cory266	cory267	cory268
cory1	0	40.7	37.4	31	31.2	36.6	39.8	44.8	54.8	41.5	30	36.3	59.8	50.9	41.9	36.4	32.8	35.6	38.7	34.3	34.4	31.5	33.5	32.1	32	31.5	27.5	42.2	31.3	33	31.9	31.6	31.7	31.7	31.6	31.4	30.9	31.2	31.5	30.9	31.6	31	31	32.9	32.5	31.7	31	31.4	33.3	33	31.2	31	33.1	31.4	29.6	31.7	32	30.7	33.4	30.8	31.3	31.6	32.5	31.7	33	31.8	41.7	32.5	32.3	33	32.7	31.8	31.6	30.8	31.1	31.8	31.8	32.1	31.8	31.9	31.7	31.3	32.6	31.1	35.5	32.6	32.1	33.2	34	32.3	33.1	31.6	31.6	39	30.9	30.4	31.1	30	32	31.9	33.2	31.4	30.8	30.5	32.6	30.9	31.6	30.4	32.2	31.7	30.7	34.1	33.3	31.1	30.7	33.4	33	30.9	31.8	30.8	30.6	31.4	30.9	31.6	31.2	30.6	31.9	33.2	31.2	31.9	31.5	31	31.7	31.3	31.9	32.4	31.2	30.8	32.4	31.5	34.5	31.6	32.3	31.9	31.9	32	31.6	31.6	33.6	31.3	31.2	30.7	32.4	31.5	31.2	31.3	31	31.7	32.9	31.7	32	31.8	31.5	36.3	34.4	33.6	33.8	32.4	33.1	32.6	32.4	32.1	30.4	33	31.8	32.4	33	31.6	33	31.4	32.7	32.7	32	32.8	30.2	31.7	33.2	31.7	31.4	31.1	31.7	31.7	31.8	33.2	32.4	32.1	31.3	31.7	31.9	30.5	31.6	31.1	36.9	31.6	31.5	30.8	31.1	31.3	32.6	31.5	33.1	37.6	30.4	31.7	31.5	31.6	37.8	30.1	30.6	31.8	30.7	31	32.9	30.9	31.3	32.8	31.7	32.8	31.7	31.5	32.8	31.6	33.2	32.8	31.7	30.8	31	31.5	31.1	30.8	30.7	31.3	32	31.2	33.6	31.4	31.4	32.1	34	31.6	31.5	32.7	33	31.5	31.2	33.2	35.2	33	35.6	33.5	31.4	42.7	33.4	72.4	30.2	32.4	34.4
cory2	40.7	0	21	33.2	34	39.5	42.6	31.5	57.2	42.8	34.5	40.9	57.6	49.7	45.6	40.8	37.1	40.2	41	38.7	35	32.2	37.2	36.7	35.7	35.4	38	43.7	35.8	36	35.7	36.6	35.5	35.7	35.6	35.5	35.3	35.8	36.9	35.5	35.7	35.3	35.6	35.9	36.3	35.5	36	35.4	36.8	36.9	35.5	35.2	37	35.7	36.4	35.4	36	34.8	37.2	35.2	34.8	35.4	36.2	35.5	36.4	36.5	45.2	35.2	34.6	35.7	34.8	36.3	37.1	35.6	35.2	35.6	35.9	34.9	35.5	35.5	35	35.4	36.5	34.9	39.1	37.1	35.7	36.4	37.3	35	35.9	35.1	35.3	43.2	34.6	34.9	36.7	34.9	37.5	36.1	37.6	35.7	35.5	34.8	36.3	35.3	35.6	34.7	37.1	37	35.2	38.6	36.6	35.3	35.4	36.5	38	35.8	35.5	35	35.6	35.5	35.3	35.8	35.6	35.3	35.5	35.7	35.6	35.9	35.2	35.7	35.5	35.5	37.2	35.9	34.7	34.8	35	35	38.7	35.4	37.8	35	35.2	34.8	37.1	35.6	36.7	36.8	35.2	35.2	35	35.5	35.1	35.2	34.8	35.5	35.8	36.7	35.5	35.6	35	41.4	37.1	36.8	36.6	35.1	36.2	35	36.2	34.8	36.6	36.8	36.1	35.6	36.3	35.4	36.1	35.3	35.8	35.9	37	35.8	35.2	35.5	36.1	34.8	35.5	35.6	35.7	37	36	37.6	35.7	35.9	35.1	35.5	35.7	35.4	35.8	35.3	39.8	35.7	35.6	35.8	35.3	35.4	36	36.9	36.6	40.3	35	36	35.5	35.8	40.3	35.3	35.1	36	35.7	35.4	36.2	34.8	35.3	35.9	35.5	36.7	35.8	35.3	36.4	35.8	36.1	35.7	35.5	34.9	34.5	35.6	35.3	35.8	35.1	35.6	35.7	35.5	39.5	35.7	35.6	35.3	37.4	35.5	35.7	35.9	36.1	35.5	35.2	38.6	37.1	38.2	40	33.4	35.4	39.6	38.7	73.4	35.3	38.2	38.4
cory3	37.4	21	0	29.4	30.6	36.4	39.9	33.3	55.9	41.6	30	37.4	58.5	49.7	43.9	38.1	33.9	37.3	39.6	36.1	32.1	29.1	34.9	33.5	32.6	32.2	34.9	41.5	32.2	32.8	32.4	33.6	32.3	32.2	31.9	31.9	31.8	32.2	33.8	31.8	32.6	31.8	32.2	32.7	33.1	32.2	32.6	31.9	33.2	33.2	32	31.6	33.3	32.4	32.6	32.2	32.8	31.6	34.2	31.5	31.3	32.1	33	32.3	33.3	33.6	43.5	32.5	32.1	32.5	32.1	32.8	34.1	32	31.7	32.3	32.4	32.2	32.3	32.3	31.6	32	33.5	31.5	36.2	34.1	32	33.2	34	32.3	32.7	32	32.1	40.3	30.9	30.9	33.5	30.9	34.5	32.5	34.3	32.3	31.8	30.9	33.3	31.7	32.1	30.7	34	34.1	31.6	35.8	33.6	31.7	31.8	33.4	34.6	32.2	32.3	31.4	32	32	32.1	32.2	32.2	31.3	32.6	32.4	32.2	32.5	31.9	32.3	32.3	31.8	34.4	32.7	31.2	31.5	32.2	31.5	35.5	32.3	34.9	32.1	32.4	31.9	33.8	32.4	33.7	33.8	31.5	31.5	32.3	32.3	31.6	31.9	31.2	32.2	32.8	33.1	32.2	32.4	31.5	39	34.5	33.7	33.7	32.3	33.1	32.3	33.1	32	32.5	33.5	32.9	32.4	33.2	32.1	32.9	32.1	32.8	32.9	33.8	32.7	31.4	32.4	33.1	31.3	32.2	31.9	32.3	34.2	32.7	34.6	32.5	32.6	32	32.3	32.6	31.6	32.3	31.9	38.4	32.3	31.7	32.2	31.8	32.2	32.9	34.1	33.9	38.8	31.5	32.9	32.3	32.5	38.6	31.6	31.1	32.9	31.8	31.9	33.1	31	31.7	32.7	32.2	33.4	32.8	32	33.2	32.3	33	32.7	32.2	31.3	31.2	32.4	31.8	32.2	31.6	32.2	32.5	32	36.9	32.4	32.3	32.4	34.4	32.4	32.5	32.8	32.9	32.1	31.8	35.5	36	35.4	37	32.1	32.1	38.7	35.7	72.9	32	34.9	35
cory4	31	33.2	29.4	0	17.8	28.1	30.9	38	50.1	36.5	18.1	29.7	59.2	49.8	39.7	30.1	23.9	30.8	31.2	27.6	21.5	18.4	25.3	22.6	20.8	20.4	27.5	40.2	22.2	22.2	20.8	22.7	20.1	20.4	20.8	20.6	19	21.9	23	20.3	20.6	20.3	19.5	22.1	21.5	20.5	20.3	19.1	23.3	23.4	19.3	19	23.4	22.2	22.1	20	21.6	20.1	22.9	20	19.5	19.7	21.3	20.4	22.1	22.4	36.3	20.8	20.2	21.9	20.7	21.6	23.6	22.2	19.8	20.6	22.1	20.5	20	20.4	20.2	20	22.1	19.8	28.9	22.8	20.7	22.3	26.2	20.8	22.1	21	20.2	31.7	18.3	17.7	21.9	19.6	24.3	22.4	24.7	20.8	19.2	18.3	22.1	18.7	19.8	18.2	23.5	23.3	19.5	24.5	22.4	19.4	19.8	22.1	23.7	19.6	20.3	18.6	19.4	18.4	20.6	20	19.7	19.3	22.7	21.7	19.4	20.4	19.3	20.6	20.2	19.6	24.2	20.8	19.3	18.6	20.1	19.4	27.1	20.2	25.3	20.6	20.7	20.5	22.6	20.6	22.6	23.9	19.7	20.1	20.5	20	19.1	19.7	18.6	20.2	22.1	23	20.3	20.3	19.3	30.2	24.2	22.6	22.9	20.8	21.6	20.5	22.8	20.2	17.9	21	21.7	20.7	21.4	20.5	21.3	19.6	20.9	21.7	23.2	21.7	19.9	20.7	21.6	20	19.3	20.3	21.4	24.1	20.9	23.7	21.4	20.9	19.9	20.2	20.3	20.3	20.3	20.1	29.9	20.3	20.6	19.6	19.5	19.7	21.2	24.3	23.2	30.7	18.5	21.6	20.2	20.7	30.1	17.8	18.1	21.2	20.1	19.9	21.5	19.2	20	21	20.4	20.6	20.3	20.4	21.4	20.1	21.5	21.7	20	18.6	19.9	20.1	20.2	19.6	19.3	20.1	20.8	20	25.9	20.2	20.5	20.8	24.7	20.5	19.8	21.8	21.3	20.4	20.1	24.3	26.1	25.2	28.2	20.5	20	39.5	25.9	70.5	17.9	24.6	24.4
cory5	31.2	34	30.6	17.8	0	26.8	30.8	38.8	50.8	35.1	16.9	28.1	58.2	49.9	39.2	28.6	25	29.5	33	28.3	22.9	21.5	24.4	22.9	21.9	20.8	27.9	39.4	22.6	22.6	21.3	22.3	20.9	21	20.1	20	19	22.6	21.6	20.3	21.4	20	20.2	22.4	22.4	20.9	20.3	19.2	23.5	23.8	19.7	19.2	23.6	22.4	20.8	20.5	21.3	20.8	23.3	21	19.7	21	22.2	21	22.2	22	36.7	21.1	20.7	22.1	21.1	22.8	22.2	22.5	20.8	21.4	22.4	20.7	20.8	21.1	20.2	21.3	22.8	20.1	27.3	23.8	21.1	22.2	25.4	20.8	22.7	21.6	21.2	31.4	19.3	18.1	19.8	19.1	23.6	23	23	21.1	20	18.6	22.8	19.6	19.9	18.7	22.5	22.8	20.1	24.1	22.7	19.7	20.3	22.6	23.7	20.1	21	19.2	20.2	19.3	21.2	20.1	19.8	20	22.9	22.4	19.9	20.5	20	20.9	21	19.7	23.6	21.8	20.1	19.5	20.9	19.8	26.4	21.1	24.5	21.3	21.5	20.9	21.7	21.3	22.6	22.5	20.5	20.9	21.4	21.1	20.5	20.5	19.3	20.9	22.3	23.3	21	21	20.7	30.7	23.9	22.6	22.9	21.4	22	21	23	20.9	18.4	23.7	21.6	20.9	21.8	20.8	21.8	21	21.7	22.1	22.7	22.3	19.7	20.6	22	20.2	20.2	20.7	20.3	22.4	21.4	24.6	21.8	21.8	20.5	21.4	21.2	20.1	21.3	19.9	30.1	21	20.4	20.1	20.2	20.9	21.5	22.9	24.1	31.1	19.6	22.3	21.1	21.2	30.2	19.1	18.5	22.3	20.8	20.3	22	19.6	21	21.2	21.3	23.4	21	20.8	21.7	19.9	21.9	22.1	20.9	20.2	20.6	21	20.5	20.1	20.1	21.1	21.5	20.7	26.4	20.9	21	21.7	24	20.8	21.1	22	21.8	21.1	20.3	25.4	26.7	25	29.5	23.7	20.8	39.2	25.9	70.3	19	25.5	24
cory6	36.6	39.5	36.4	28.1	26.8	0	20.8	42.4	52.8	36.3	27.1	32.8	60.9	49.9	39.8	32	31.4	30.4	36.5	32.9	30	29.6	31.6	29.7	29.6	28.7	36	41.3	30.3	30.9	29.1	29.5	29	29.2	29.4	29.1	28.2	30.2	29.4	28.8	29.2	28.6	28.9	30.8	30.1	29.3	29	28.2	30.5	30.7	28.5	28.3	30.6	29.8	29.8	28.7	29.6	29.1	30.9	28.9	28.2	28.9	29.9	29.1	30.7	29.2	41.3	30.1	29.7	30.7	30.3	29.8	30	30.1	28.6	29.2	30.1	30	29.1	29.1	28.5	28.8	30.3	28.9	32.6	30.8	29.2	30.7	31.9	30.1	31	29.9	28.9	35.5	28.2	27.9	28.7	28.4	30	30.5	29.6	29.2	28.9	28.4	31.2	28.3	28.6	28.4	30	29.9	28.8	31.6	30.9	28.5	28.9	30.5	29.3	29.2	29.1	28	28.8	28.4	28.9	29	28.7	28.6	30.9	30.7	28.6	29.3	28.6	29.1	29.1	28.8	30.4	29.3	28.7	27.8	29.7	28.8	31.6	29	30.8	29.4	29.6	29.2	29.3	29.2	31	30.2	28.5	28.8	30.1	29.2	28.3	28.9	28.1	29	30.6	30.2	28.9	29.1	28.8	35.9	31.5	31	31.2	30.3	30.4	30	30.4	30.1	28.7	30.7	30.3	29.6	30	29.1	29.9	28.9	29.9	30.2	30	30.3	28.6	28.8	30.1	28.2	28.8	29.3	29.6	30.2	29.5	31.4	30	29.7	28.6	29.1	29.1	28.8	29.3	28.7	35.4	29.3	28.7	29.2	28.9	28.8	29.7	30.3	31.2	36.1	28.5	29.8	29.1	29.3	35.3	28.5	28.2	29.8	29.3	28.9	30.1	28.6	28.8	29.6	29	30.5	29.2	28.9	29.9	28.8	30.1	30.2	29	28.8	29.2	29.1	28.7	29.2	28.8	29.1	29.2	28.8	32.4	29.1	29.2	29.8	30.6	28.9	29.1	30.1	29.9	28.9	29.3	29.8	34.1	31.3	33.9	31.6	28.9	44	32.4	71.4	27.4	31.8	32.2
cory7	39.8	42.6	39.9	30.9	30.8	20.8	0	45	54.9	41.3	30.9	37	59.1	53.4	43.8	36.6	34.5	34.7	39.2	35.6	33.2	32.9	34.7	33	32.7	31.9	38.8	42.7	33.8	34.1	32.4	32.5	32.2	32.5	32.5	32.3	31.4	33.7	32.4	32.2	32.5	31.9	32.1	34.1	33.2	32.5	32.2	31.5	34.3	34.5	31.8	31.6	34.3	33.3	33.1	31.9	32.8	32.5	34	32.4	31.7	32.2	33	32.3	33.8	32.3	43.8	33.3	33	33.9	33.5	33.1	33	33.6	32	32.5	33.6	33.2	32.3	32.4	32	32.2	33.5	32.2	36.4	34	32.7	33.8	35.8	33.3	34.2	33.5	32.4	38.3	31.6	31.3	32.1	31.9	32.9	34	33.2	32.6	32.2	31.8	34.3	31.7	31.9	31.8	32.9	32.8	32.2	34.4	34	31.8	32.2	33.7	32.3	32.5	32.3	31.3	32	31.8	32.3	32.2	31.9	32.3	34.1	33.9	31.7	32.5	32	32.2	32.3	32	33.3	32.6	32.1	31.5	33	32.1	35	32.4	33.7	32.7	32.9	32.5	32.3	32.6	34	33.2	31.9	32.4	33.4	32.5	31.7	32.1	31.5	32.2	33.7	33.6	32.3	32.3	32.2	38.7	34.5	34	34.2	33.5	33.5	33.2	34	33.3	31.4	34	33.5	32.8	33.2	32.3	33.1	32.3	33.1	33.3	32.9	33.4	32.2	32	33.3	31.9	31.9	32.6	33.2	33.4	32.7	34.5	33.1	32.9	31.8	32.4	32.4	32.5	32.5	32	38.4	32.6	32.2	32.5	32.1	32.2	32.9	33.2	34.3	39	31.9	33.1	32.3	32.5	38.3	31.9	31.6	33	32.9	32.2	33.3	31.9	32.3	32.8	32.4	33.7	32.4	32.1	33.1	32	33.2	33.3	32.2	32.1	32.3	32.3	32.1	32.5	32	32.3	32.6	32	34.9	32.3	32.3	33.1	34	32.2	32.2	33.3	33.1	32.2	32.4	32.7	36.7	34.7	37.3	34.4	32.1	46.4	35.6	74.4	30.9	34.9	35.4
cory8	44.8	31.5	33.3	38	38.8	42.4	45	0	60.1	47.8	39.9	41.7	59.2	52.5	48.8	40.5	38.1	44.7	42.1	43.8	38.6	39.3	41.1	41	41.5	40.5	41.9	47.9	41.1	41.5	40.4	40.4	40.2	40.2	40	40	39.7	40.7	40.5	40.7	40.4	39.8	40.1	41.4	41.1	40	40.1	39.6	41.3	41.5	39.8	39.6	41.4	40.4	41.1	39.8	40.8	41	42	40.3	39.8	40.1	40.7	40.1	41.5	40.4	49.4	40.7	40.3	41.3	40.6	40.8	40.8	40.7	40.5	40.2	41.3	40.6	40.1	40.3	40	40.5	41.1	40	44.2	41.5	40.2	41.6	42.5	40.6	41.5	40	40.2	46.7	40	39.9	40.7	40.2	40.6	40.8	41.5	40.9	40.7	40.3	42.3	40	40	40.4	40.6	40.7	40.7	42.6	41.8	39.8	39.9	41.6	41.5	40.9	40.2	39.6	40.1	40.1	40.2	40	39.8	40.6	40.9	41.3	39.9	40.2	39.9	40.2	40.3	39.7	41	40.6	40.4	39.7	40.5	39.8	43.2	40.2	41	39.5	39.6	39.4	40.8	40.2	41.9	40.9	40.5	40.2	40.6	40.3	40.2	39.8	40.1	40.3	41.5	40.8	40.1	40.1	40.8	45.9	39.4	41.9	42	40.7	41.4	40.7	41.3	40.5	40	40.9	40.6	40.8	41.1	40.3	41.1	40.2	40.9	41.3	40.5	41.4	40.6	40.1	41.2	40.3	40	41.3	40.6	40.9	40.5	42.3	41.2	40	40.1	40.4	40.2	40.2	40.3	39.8	45	40.5	40	40.9	40	40.2	41.1	41.1	41.5	45.4	40.4	41	40.2	40.7	45.3	40.2	40	41	40.9	40.1	41.3	40.4	40.2	40.9	40.2	40.8	40.4	39.9	41.1	40.8	41.2	41.3	40.3	40.7	40.1	40.2	40.2	40.9	40.2	40	40.4	40	42.6	40.2	40.4	39.7	42.1	40.3	40.4	41.3	41.1	40.1	40.2	43.2	42.9	42.3	44.8	39.3	40	40.8	41.5	76.1	39.5	42.8	42.8
cory9	54.8	57.2	55.9	50.1	50.8	52.8	54.9	60.1	0	57.8	50.3	55.1	71.6	65.7	58.8	54.8	52.2	54.3	55.6	53.1	52.1	50.6	52.1	51.6	50.3	50.4	52.8	59.8	50.7	51.3	50.8	51.4	50.8	51	50.6	50.7	50.6	50.7	51.2	50.5	50.4	50.6	50.7	51.2	51.2	50.8	50.9	50.7	50.9	51	50.8	50.7	51	50.6	49	50.7	50.5	50	51.2	50.4	50.2	50.6	50.4	50.6	50.7	51.4	58	50.6	50.2	51.1	50.3	49.9	51.6	50.7	50.2	50.7	50.5	50.3	50.8	51	50	50.6	51.6	50.4	53.7	52	50.3	51	52.5	50.5	51.2	50.8	50.6	55.8	50.2	50.2	51.3	50	51.8	50.9	52.2	50.5	50.2	50.2	51.3	50.5	50.8	50	51.6	51.6	49.9	52.3	51.4	50.6	50.8	51	52	50.2	50.7	50.7	50.4	49.2	50.2	50.8	50.8	49.9	50.3	51.1	50.9	50.4	50.7	50.8	50.8	51	51.7	51.2	50.3	50.6	50.4	50.7	52.9	50.8	52.2	51.4	51.4	51.3	51.4	50.5	50.9	51.8	50.1	50.4	50.5	50.7	50.3	50.7	50.3	50.8	51.4	51.5	50.8	50.7	50.5	54	51.8	51	51.1	50.4	50.7	50.4	50.8	50.4	50.8	51	51.2	50.5	50.9	50.7	50.7	50.6	50.7	51	51.7	50.9	50.1	50.7	50.9	49.9	50.7	49.4	50.8	51.7	50.3	52	50.7	50.9	50.4	50.9	50.7	50.1	50.8	50.5	53.6	51	50.7	50.3	50.6	50.7	50.8	51.7	51.8	53.8	50	51.2	50.6	50.7	53.5	50.4	50.3	51.1	50.3	50.8	50.8	50.4	50.8	50.7	50.7	50.9	50.8	50.3	50.8	49.7	50.9	50.7	50.6	50.1	50.6	50.9	50.7	50.3	50.2	50.6	50.9	50.6	52.5	50.7	51	51.5	51.7	50.7	50.8	50.9	50.7	50.5	50.3	51.9	52.8	52.4	53.2	52.2	50.8	59.7	50.6	81.1	49.4	50.1	50.4
cory10	41.5	42.8	41.6	36.5	35.1	36.3	41.3	47.8	57.8	0	34.3	37.6	54.8	48	27.7	39.2	34.8	28.1	40.6	28.5	38.4	35	37.9	36.6	33.5	34.7	41.6	36	35.5	36.3	34.8	34.9	34.9	34.6	35.1	34.6	35.2	35.5	34.7	36.9	35.2	34.7	35.2	36.4	35.7	34.9	35.8	35.2	36.8	37.1	35.2	35.2	37.1	36.1	37	34.5	35.3	36	36.2	35.8	34.9	34.5	35.3	34.7	35.7	34.9	44.5	35.7	35.2	36.2	35.7	37.3	35	35.8	36.6	34.3	35.2	35.4	35	34.5	35.1	36.8	35.7	36.2	39.8	35.4	35.6	36	37.9	35.7	36.4	35.6	34	42	36	36.1	34.8	34.8	35	35.6	37.9	37	36.8	36	38.4	35.2	35.5	36.2	34.7	34.3	35.8	36.5	36.1	35	35	35.8	36.8	37.1	34.7	35.3	35.1	36.6	34.2	34.8	34.9	35.9	35.2	36.2	35.2	35.6	35.5	34.8	34.7	35.2	34.2	34.6	36.4	34.8	35.3	35.2	39	34.7	35.1	35.2	35.5	35.2	34.8	34.8	36	35.2	36.5	35.8	35.5	34.7	36.2	34.8	35.8	34.8	36	36.2	34.6	34.8	36.5	40.8	37.2	36.1	36.2	35.6	35.5	35.5	36.8	35.4	37	37.9	35.2	35.3	35.6	34.9	35.5	34.8	35.3	35.8	35	35.6	35.2	35	35.6	35	35.9	37.1	36.6	35.2	35.6	36.5	35.4	34.7	34.7	34.4	34.4	35.6	35.1	35	40.4	35.2	34.6	37	34.9	34.6	35.5	35.2	34.9	41.1	36	35	34.8	35.2	40.4	36.2	36	34.9	35.4	34.9	35.6	36.3	34.4	35.4	34.3	37.9	34.8	34.8	35.6	36.7	35.5	35.7	35.1	36.3	35.4	35	35.1	37	36.5	35.1	34.3	34.9	37.9	35.2	35.1	35.8	37.7	35.3	35.1	35.6	35.5	34.6	37.2	38.2	38.1	38.5	39.9	36.5	34.7	44.1	38.2	67.6	36.1	39.7	39.4
cory11	30	34.5	30	18.1	16.9	27.1	30.9	39.9	50.3	34.3	0	27.3	59.9	50.6	37.7	29	22.9	28.1	30.8	26.8	23.8	20.1	24.9	22.5	20.5	19.9	28.2	38.4	21	21.4	20.5	21.2	19.8	19.9	19.3	19.1	18.2	21	20.9	19.5	20.4	19.1	18.8	21.3	21.1	19.7	19.7	18.5	22.3	22.6	18.7	18.1	22.5	21.4	19.9	19.5	20.7	18.9	22.5	19.2	18.4	19.5	20.8	19.4	21.5	21.1	35.8	20.6	19.9	20.9	20.2	19.8	22	21.2	19.3	19.8	20.9	19.9	19.8	20	18.7	19.2	21.6	19.4	27	22.7	19.9	20.9	24.8	20.3	21.4	20.5	19.3	30.9	17.3	16.6	20.2	18.2	22.7	21.7	23	20.4	18.6	16.5	22.1	17.9	19.1	16.4	21.7	21.8	18.6	25.6	21.3	18.7	18.9	21.3	22.7	19	19.9	18	18.9	18.4	19.7	19.4	19.2	18.7	22.3	21	18.8	19.7	18.9	20	19.9	18.8	22.4	20.9	18.5	17.9	20.2	19.1	25.3	19.7	23.3	21.3	21.3	20.9	21.1	19.9	21.9	22.3	19	18.9	20.6	19.8	18.9	19.2	18	19.8	21.2	21.7	19.8	19.9	18.9	29.4	24.2	22	21.9	20.3	21.2	20.3	22	19.8	17.1	22.1	20.3	19.4	21	19.8	20.2	19.6	20.3	21.4	21.8	21	18.1	20.1	20.9	18.6	19.3	18.7	20.3	22.3	20.7	23.4	20.4	20.2	19.4	20.1	20	18.5	20.1	18.9	29.5	20.1	19.5	19	19.3	19.2	20.3	22.7	23.6	30.3	18	21.1	19.2	20.1	29.2	17.4	17.1	21.2	19.8	19.1	20.5	18.3	19	19.9	19.4	21.8	20	19	20.7	18.7	20.8	20.7	19.4	18.5	18.9	19.7	19.2	19	18.8	19.2	20	19.5	26.2	20.1	19.7	21.5	23.2	20.1	19.8	20.8	20.2	19.5	19.6	24.7	26.7	26.3	28.8	23.4	19.2	41	23.8	70.8	18	23.6	23.7
cory12	36.3	40.9	37.4	29.7	28.1	32.8	37	41.7	55.1	37.6	27.3	0	59.2	52.3	40.6	30.7	26.5	32.3	31.6	32.4	30.9	30.8	32.7	31.5	30	29	35.9	41.2	30	30.6	29.1	29.6	28.7	28.9	28.6	28.6	28.2	29.7	29.6	29.4	29	28.3	28.5	30.5	29.7	28.6	28.8	28.4	31	31.3	28.6	28	31.2	30.5	30.5	28.8	29.7	29.9	30.8	29.3	28.3	28.7	29.6	28.6	30.2	29.6	41.3	30	29.5	30.3	29.9	30.4	29.9	30.3	29.1	28.8	29.9	29.6	28.6	28.8	28.6	29.4	29.9	29.2	34	30.6	29.3	30.2	32.4	29.9	30.7	29.9	28.5	37	28.3	27.8	28.7	29.3	30.3	30.5	31.5	29.9	29.5	28	31.5	28.1	28.8	28.3	29.6	29.6	26.6	32.7	30.4	28.4	28.3	30.2	30.3	29.6	28.8	28.6	28.3	28.8	28.5	28.5	28.4	28.7	30.9	30.5	28.7	29	28.5	28.7	28.7	28	30.3	29.4	28.9	28.3	29.6	28.4	33.3	28.7	31.1	29.8	29.9	29.6	29.4	28.6	30.6	30.1	29	29.1	30	28.6	28.8	28.3	28.3	28.6	30.4	30.9	29.1	28.8	29.1	36.4	30.9	30.6	30.8	29.9	30	29.8	31	29.6	29	31	30	29.2	30	29.2	29.8	28.7	29.8	30.3	29.8	30.1	29.2	28.8	30	28.7	29.2	30.2	29.7	30.2	29.1	31.1	29.7	28.7	28.4	28.9	28.7	29.6	29.1	28	37	28.8	28.3	29.4	28.3	28.7	29.7	30.7	30.7	37.5	28.7	29.3	28.7	29	36.8	28.2	28	29.4	28.9	28.2	30	28.6	28.6	29.6	28.8	30.9	29	28.5	29.9	29.6	29.9	30.1	29.2	29.1	28.5	28.9	28.4	29.4	29.6	28.6	29	28.6	33.5	29	28.8	30.3	31.6	28.9	29.1	30	29.8	28.9	29.7	32.6	34.7	33.9	35.5	32.4	28.5	43.3	31.8	70.4	28.2	33.2	33.1
cory13	59.8	57.6	58.5	59.2	58.2	60.9	59.1	59.2	71.6	54.8	59.9	59.2	0	52.8	58.7	58.2	58.4	58	61.4	57.4	57.9	58.3	57.3	58.2	57.3	57.9	60.7	58.3	57.2	58.7	58.2	58.3	58.3	58.3	57.6	57.9	58.7	56.6	58	58.7	57.8	57.7	58.6	58.8	58.7	58	58.5	58.4	58.7	58.6	58.5	58.5	58.8	57.9	59.6	58.2	57.7	59	58.5	58.5	58	58	58.3	58	58.3	58.5	63.5	58.2	58	58.9	58.3	59	58.2	56.9	58.5	57.9	57.2	58	58.4	58.3	57.8	58.7	58.7	58.1	59	58.6	58.2	58.8	56.7	58.3	58.7	57.2	57.8	62.2	58.7	59	58.6	57.4	57.9	56.9	58.5	58.8	59.5	58.9	60.4	58.6	58.7	58.7	58	57.9	58.1	57.3	58.8	58.5	58	59.4	58.5	59.4	58.2	58.6	58.6	58.9	57.7	58.4	58.4	58.7	55.3	58.7	58.5	58.6	58.6	58.1	58	58.2	57.3	58.3	58.7	58.3	58.4	58.5	58.6	58.1	57.7	57.5	57.7	57.6	58.2	57.8	58.5	58.3	58.7	58.5	58.2	58.1	58.3	58	58.7	58.2	58.4	57.6	58.3	58.2	58.4	59.8	58.9	58.6	58.6	58.1	58.5	58.4	58.4	57.8	60	59.6	57	58.9	59	57.8	59.2	58.2	58.9	58.8	57.8	58.9	57.7	58	59	58.1	58.6	58.7	58.3	58.1	58.4	59.1	58.8	57.7	58.1	58.1	58	57.5	58.2	58.1	59.3	58.3	58	59.5	58.2	58.5	59	57.8	57.5	59.4	58.3	57.8	58	58.2	59.7	58.6	59	57.9	57.4	58.1	59.1	58.9	58.2	59	58	59.7	58	57.7	59	58.7	59.1	58.9	58.2	58.8	57.9	58.1	58.2	59.5	59	58	58	58.2	58.7	58.1	58.1	57.6	58.8	58.3	58.5	58.9	59.2	58.1	58.3	58.4	57.5	56.5	56.6	58.2	57.9	52.9	59.5	68	59.1	61.1	58.3
cory14	50.9	49.7	49.7	49.8	49.9	49.9	53.4	52.5	65.7	48	50.6	52.3	52.8	0	50.8	51.5	49.7	49.7	53.2	49.5	47.1	48.9	47.9	48.9	47.3	48.5	50.3	48.9	47.4	48.9	48.6	49.5	48.8	48.7	48.8	48.9	49.4	47.4	49.7	49.2	48.4	48.9	49	49.1	49.3	48.8	49.3	49.4	48.7	48.4	49.2	49.2	48.7	48.2	51.5	48.8	48.3	49.1	49	48.6	49.1	48.9	48.9	48.5	48.6	49.5	53.2	48.3	48	49.3	48.4	50.5	49.4	47.2	49.1	48.4	47.7	48.2	48.9	48.8	48.9	49	49.5	49.8	48.7	49	48.5	49.2	48.5	48.5	48.8	47.4	48.5	52.3	49.6	49.9	49.7	48.5	49	47.7	47.9	49.4	49.7	49.8	50.7	49.2	49.4	49.6	49.4	49.3	48.4	47.1	49.3	48.9	48.9	49.8	48.2	49.7	48.7	49.4	48.8	49.7	48.2	48.9	49	48.5	46.2	49	49.4	49.6	49.3	48.8	48.6	49.2	48.4	48.8	49.7	49	48.4	49	48.6	48.6	48.9	47.4	47.6	47.6	49.2	48.4	49.1	49.3	49.3	48.7	48.4	48.8	49.4	48.7	49.8	48.8	49	48.2	48.9	48.8	48.7	50.7	50.3	49.2	49.1	48.1	48.8	48.4	49.3	47.9	51.3	50.4	48.6	49.4	49.7	48.7	49.7	48.6	49.4	49.5	49.7	49.3	48.8	48.6	49.6	48.7	49.5	50.3	50	49.4	49.1	49.6	49.2	48.5	48.8	48.5	48.6	48.4	48.8	48.9	49.3	49	48.6	49.6	48.7	48.8	49.5	49	47.5	49.8	49.2	48.7	48.7	48.8	50	49.8	49.9	48.7	47.9	48.9	49.6	49.7	48.6	49.6	48.5	50.4	48.7	48.7	49.7	50.3	49.6	49.5	48.9	49.6	48.9	48.7	48.9	49.6	50.1	48.7	48.5	48.8	48.5	48.8	48.7	47.9	48.6	48.9	49.1	49.4	49.7	48.5	49.8	48	45	46	42.8	48.3	48.7	47.9	51.1	71.1	49.9	52	51.2
cory15	41.9	45.6	43.9	39.7	39.2	39.8	43.8	48.8	58.8	27.7	37.7	40.6	58.7	50.8	0	41.1	37.9	27	44.1	34	42	37.9	40.6	39.3	36.4	38.1	43.2	35.1	37.4	40.3	37.6	37.7	38.3	37.5	38.1	37.8	38.7	37.3	37.3	40.2	38.4	38.1	38.4	40.3	38.8	38.2	38.5	38.4	39	39.2	38.5	38.2	39.5	37.8	40.7	38	39.2	39.7	40	39.3	38.2	38	38.4	37.9	39.9	37.7	47	39.5	39	40.1	39.2	40.9	37.6	37.9	39.8	37.3	37.6	39.2	38.3	37.5	38.5	40	38.9	39.5	42	38.4	38.6	39.8	39.9	39.4	40.3	37.7	37.2	44.7	39.2	39.5	38.4	37.8	37.9	37.6	40.2	40.2	40.4	39.6	42	38.2	38.6	39.4	37.8	37.1	39.4	39.8	39.8	38.3	38.1	40.1	40	40.8	38.1	38.6	38.1	40.6	37.5	37.9	38.4	39.4	37.4	40.1	38.4	38.7	38.8	38.4	37.9	38.3	36.9	38.1	39.6	38.4	39.2	38.6	40.8	38	37.5	38.1	38.3	38.2	38.1	37.9	40.1	37.8	39.9	39.4	39.2	38	39.7	38.1	39.5	38.2	40	39	37.9	38.2	39.8	42.6	39.9	40.1	39.9	39.4	39.8	39.4	39	39.3	41	40.4	37.9	39.7	40.2	38	39.8	38	39.7	40.3	37.9	39.9	38.2	38.3	39.8	38.4	39.5	40.9	39.9	38.2	39	39.6	39.7	37.5	38.1	37.5	37.8	38.7	38.1	38.3	43	38.6	38.1	40.5	38.2	37.9	39.8	37.7	38.4	43.6	39.1	38.5	38.1	38.4	42.9	39.3	39.4	38.3	37.8	38.4	39.9	39.7	37.4	39.8	37.4	40.4	37.8	37.9	40.1	40.1	39.9	39.9	38.4	39.5	38.8	38.3	38.5	40.5	40	37.9	37.5	38.1	41.2	38.2	38.6	38.8	40.6	38.8	38.7	39.9	39.8	37.4	40.2	40.9	41	40.5	41.5	40.5	38	45.4	40.3	70.2	39.5	43.7	42.6
cory16	36.4	40.8	38.1	30.1	28.6	32	36.6	40.5	54.8	39.2	29	30.7	58.2	51.5	41.1	0	26.6	32.3	33	30.5	31.4	29.6	32.6	31.2	29.8	29	35.3	40.4	30	30.1	29.3	29.9	29.2	29.5	29.2	28.7	28.6	30.1	29.6	28.2	29.1	28.5	29	30	30.5	29.2	28.7	28.3	30.7	30.7	28.6	28.4	30.6	29.6	29.6	28.3	30	28.9	30.5	29	29	28.9	29.8	29.2	30.1	29.7	40.4	29.5	28.7	30	29.3	30.2	29.8	29.9	28.3	29.4	30	29.1	29.2	29.4	29.1	28.4	30	29.3	32.8	30	30	30.5	31.9	29.5	30.2	30.3	29.1	36.2	28.3	28.3	29.2	29.4	30.4	30.9	29.3	28.4	29.9	28.9	31.9	28.8	28.9	29.3	29.8	29.7	29.5	31.1	30.7	28.6	28.5	30.1	30.5	30	29.1	28.7	29	29.5	28.5	28.3	28.3	29.7	30.3	29.9	28.6	29.1	28.6	28.3	29.3	28.7	29.9	29.5	28.5	28.4	29	29	31.6	28.7	31.1	29.5	29.5	29.4	30.1	29	30.5	30	28.5	28.9	29.2	29.3	28.3	28.8	28.2	29.2	30.2	30.8	29.3	29.3	28.8	34.7	31.7	30.7	30.8	29.1	30	29.2	29.9	29.3	28	30.3	30.2	29.3	29.8	29.2	29.5	29.3	29.5	29.8	29.9	29.9	29.3	28.7	29.7	29.4	29.5	29.9	29.6	29.4	29.3	30.5	29.5	29.7	29	29.7	29.3	29.2	29.8	28.7	34.2	29.6	28.5	29.9	29.1	29.5	29.6	29.9	31.3	35.4	28.2	29	29.4	29.4	35.4	28.4	28.3	29.4	30.1	28.8	29.7	28.5	29.3	29.3	29.5	30.1	28.6	29.2	29.6	29.3	29.8	29.6	29.3	29.1	29.9	29.1	29.3	29.9	29.5	29.6	29.2	29	32.7	29.1	28.8	29.7	30.1	28.7	29.3	29.8	29.5	29.3	29.6	29	34.3	28	31.9	31.1	29	42.7	32.4	71.3	29.2	33.2	32.4
cory17	32.8	37.1	33.9	23.9	25	31.4	34.5	38.1	52.2	34.8	22.9	26.5	58.4	49.7	37.9	26.6	0	27.8	26.9	24.7	27.1	24.7	27	25.6	23.9	23	31.6	37.4	24.9	24.7	22.2	23.9	22	22.2	22.8	22.2	21.9	25.1	24.1	23	22	22.7	21.8	24.7	23.7	22.1	22.8	21.7	26.4	26.1	21.9	21.4	26.3	25.6	24.6	21.7	23.5	23.8	24.9	23.3	22.4	22.3	23	22	24.3	23.7	36.1	23.7	23	24.2	23.3	24.4	24.4	25.3	23.1	22	24.8	23.2	21.9	22.1	22.6	23.6	23.6	24.3	30.6	24.1	24.5	24.3	28.3	23.4	24.6	25	22.2	33.4	22.2	22.1	23.5	23.4	24.9	25.7	27.3	24.1	24.6	22.6	26.4	21.5	22	23.3	24.1	24	23.9	28	24.8	21.8	22.5	24.5	25.9	24.7	22.1	21.8	21.8	24.4	21.9	21.7	21.9	23.9	25.3	24.3	22.1	23.1	21.8	22.6	22	22	24.3	22.6	22.8	21.5	23.1	22	28.9	21.9	25.5	22.1	22.3	22.2	24.2	22	24.8	24.8	23.6	23.3	23.3	22.1	22.9	22	21.9	22.1	24.9	26	22	21.9	23.2	30.3	25.5	24.8	25	23.4	24.1	23.4	25.7	23.5	23.9	25.6	24.5	23.9	24.5	22.4	24.2	22.1	24	24.9	23.9	24.6	23.6	22.1	24.4	22.8	22.8	25	24.5	24.6	23.1	25	24.1	21.9	22	22.1	22.3	23.9	22.4	21.8	30.2	22.1	23.3	24.7	21.4	21.8	24	25	24.6	31	23.1	23.2	22.3	22.8	30.9	23.1	22.2	23.2	24.5	22.1	24.4	22.9	22	24	22.1	25.6	22	22	24.3	24.6	24.3	24.6	22.8	23.8	22.1	21.8	22.4	24.7	24.3	22.2	22.3	21.9	28.7	22.2	21.8	22.7	27	21.6	22.3	24.5	24.2	22	24.2	27.7	29.6	28.8	30.7	25.6	21.9	41.5	27.8	69.4	23.7	28.6	28
cory18	35.6	40.2	37.3	30.8	29.5	30.4	34.7	44.7	54.3	28.1	28.1	32.3	58	49.7	27	32.3	27.8	0	35.4	25.9	32.8	29.7	32.1	30.1	27	28.2	36	32.6	27.7	30.2	28.2	27.8	28.5	28	28.6	28.1	28.6	28.1	27.2	30.2	28.6	28.2	28.2	30.2	29.2	28.4	28.5	28.6	29.9	30.3	28.3	28.1	30.4	29.3	29.8	27.9	28.9	30	29.8	30	29.1	27.9	28.8	28	29.6	27.9	40	29.2	28.5	30.1	28.9	30.1	28.1	28.4	29.6	27.7	28	28.9	28.5	28.1	29.3	29.7	29.4	29.3	32.9	28.7	28.7	29.8	31.2	29.2	30.1	28.6	27.4	36.8	28.5	28.8	28.5	28.1	28	28.4	30.5	30	30.1	28.9	32.2	28.1	28.5	29.1	27.4	27.1	29.4	31.8	29.7	27.9	27.6	29.7	30.4	30.5	28.3	28.1	27.8	30.3	27.4	27.8	28.2	29.1	29.3	29.9	28.3	28.5	29	27.9	28.1	28.5	27.1	28.7	29	28.1	29	28.5	32	28.1	27.8	29.1	29.3	29.2	28.2	28.1	29.8	28.5	29.7	30.1	29	28.2	28.9	28.2	28.9	28.4	29.8	29.7	28.1	28.4	29.6	34.9	31.3	29.9	29.9	29	29.2	29	29.9	28.9	30.9	31.4	28.1	29.2	29.6	28.2	29.4	28.1	29.1	29.8	27.6	29.6	28.7	28.4	29.4	29.3	29.2	29.9	30.2	27.6	29.2	29.8	29.2	28	28.3	27.9	28.1	29.1	28.4	28.4	34.9	28.9	28.2	30.4	28.3	28.3	29.4	28.3	29	35.7	28.5	28.6	28.2	28.8	35.2	29	28.6	28.2	28.4	28.5	29.5	29.2	27.8	29.3	27.8	31.5	27.8	28.5	29.5	29.9	29.5	29.5	28.2	29.4	28.8	28.5	28.7	30.4	29	28.2	28.1	28.4	32.2	28.4	28.4	29.8	31.1	28.7	28.5	29.6	29.4	27.9	29.8	31.4	32.8	32.6	33.7	31.1	28.1	41.4	31.4	69.4	30	34.4	33.2
cory19	38.7	41	39.6	31.2	33	36.5	39.2	42.1	55.6	40.6	30.8	31.6	61.4	53.2	44.1	33	26.9	35.4	0	33.3	33.3	31.7	34	32.8	31.6	31.3	36.7	43.5	32.1	31.9	31.7	30.6	31.2	31.1	31.1	30.6	31	32	31.3	31.7	31.2	30.5	30.7	31.9	32.6	31	31.1	30.7	32.7	32.7	30.9	30.7	32.7	31.7	32	30.2	30.9	30.9	31.9	30.4	31.6	30.5	31.7	31	31.1	30.3	41.5	30.9	30.3	31.8	30.9	31.4	31.2	32.8	31.8	31.1	32.1	30.5	31.1	31.2	31.6	31.8	32.1	31	35.2	32.4	30.8	31.5	34.2	30.9	32	31.7	30.7	38.5	30.8	30.9	31.4	31	31.2	32.4	32.7	32.4	31.8	30.9	33.1	30.6	31	31.1	31.2	30.7	30.3	34.1	31.9	30.6	30.7	31	32.4	31.8	31	30.6	30.7	31	30.4	30.6	30.5	30.6	32.5	31.8	30.9	31	30.4	31.3	31.3	30.7	31	31.4	31.5	30.5	30.4	30.6	33.7	30.8	32	31.8	31.8	31.9	31.3	31.3	31.6	31.5	31.9	30.3	30.8	31.2	31.4	30.8	30.9	31.4	31.3	33.2	31.1	31	31.7	36.6	32.6	31.7	31.9	30.8	30.8	30.7	32.5	30.8	32.1	33.2	31.7	30.2	30.4	31.6	30.6	31	30	30.8	31.6	30.7	31.4	31.4	30.6	31.9	31.6	32.4	31.8	31.3	32	33.6	30.6	31.4	31	31.4	31.2	31.6	31.3	30.8	36.2	31.4	31.2	31.7	30.8	31.1	30.7	31.6	32.6	36.8	31.2	31.6	31.5	32	36.6	30.8	30.8	31.6	31.4	31.1	30.7	31.5	31.2	30.4	31.3	33.4	31	31.1	30.7	31.5	30.5	30.9	31.4	31.7	30.9	31.2	31.2	31.7	31.4	31.4	31.4	31.6	34.7	31.7	31	32.2	32.5	31.4	31.4	30.9	30.6	31.6	32.2	34.8	36	34.5	35.3	32.5	31.2	46.3	34.3	72.9	30.7	34.6	34.6
cory20	34.3	38.7	36.1	27.6	28.3	32.9	35.6	43.8	53.1	28.5	26.8	32.4	57.4	49.5	34	30.5	24.7	25.9	33.3	0	30.1	26.7	30.3	28.6	24.5	25.8	34.4	35.5	26.5	28.2	25.7	25.9	25.6	25.6	25.3	25.5	26.1	27	26.5	26.4	25.5	25.6	25.8	28.1	26.6	25.5	26.4	25.9	28.9	29.3	26	25.6	29.3	27.9	28.2	25.2	26.8	27.3	27.9	27.5	26	25.7	26.3	25.1	27.4	25.7	37.7	27.5	26.9	27.8	27.3	28.2	26.6	27.4	26.1	25.2	26.8	27	25.6	25.5	25.4	26.2	26.9	26.9	32.8	27	27.5	27.5	30.3	27.3	28.2	27.5	25.1	34.5	25	25.2	26.4	26.6	26.6	28	29.6	26.6	27.8	25.7	30	25.9	25.9	25.9	26.8	25.9	27.3	29.1	27.9	25.9	25.5	27.4	27	28.1	25.6	25.9	25.8	28.2	25.5	25.5	25.4	27.4	27.6	28	26.1	26.7	25.9	25.8	25.6	25.8	26.3	25.8	25.8	25.5	27	25.8	31.1	25.3	27.3	26.8	26.9	26.6	26.5	25.4	28	26.9	25.9	27.4	27.4	25.5	25.1	25.5	25.2	25.4	27.6	27.7	25.8	25.5	26	32.7	28.6	27.9	28.1	27.4	27.2	27.3	28.8	27.2	28.2	28.2	27.4	27	27.3	26	27.2	25.8	27.1	27.5	26.8	27.3	27	25.6	27.2	25.4	26.4	27.9	28.1	26.5	26.3	27.7	27.1	25.5	25.4	25.7	25.1	27.4	26.2	25.5	32.8	26.4	26	28.1	25.6	25.8	27.1	26.8	27.8	33.4	26.3	26.3	25.4	26.3	33.3	26.8	25.6	26.4	27.1	25.7	27.4	26.3	25.5	27	25.4	28.3	25.8	25.4	27.3	27.9	27.2	27.5	26.2	26.8	26.5	26	25.8	28.1	26.8	26.3	25.6	25.8	29.2	26.3	25.9	27.6	29.7	26	26	27.4	27.2	25.5	27.7	28.6	31.8	30.5	31.4	27.8	25.6	40.6	30.5	69	27	32.2	31.7
cory21	34.4	35	32.1	21.5	22.9	30	33.2	38.6	52.1	38.4	23.8	30.9	57.9	47.1	42	31.4	27.1	32.8	33.3	30.1	0	22.3	23.6	24.1	25.8	25.1	29	42.1	24.8	27	25.2	26.2	25	25.2	25	25	24.5	24.6	26.5	24.3	25.1	24.7	24.7	26.9	26.2	25	25.3	24.1	26.9	26.8	24.7	24.2	27	25.6	25.2	24.8	25.8	25.1	27.1	24.6	23.5	24.5	26	25	26.1	26.4	38.7	25.6	25.1	26.6	25.3	25.8	26.8	24.9	23.9	25.3	24.2	25.1	25.1	25.2	23.9	24.4	26.6	23.2	31.6	27.3	24.9	26.6	28.5	25.3	26.9	24	24.6	34.3	23.1	23	26	22.7	27.2	25.1	27	24.7	24.2	22.9	26.2	24.2	24.6	23	26.7	26.5	24.2	29	27	24.3	24.6	26.8	26.8	24.5	25.1	24.2	24.6	24	24.6	24.8	24.7	24.3	24.4	26.6	24.8	25.4	24.1	24.8	25.1	24.6	27.1	25.7	23.6	24.1	25.3	24.2	29.9	24.7	28	24.3	24.6	24	26	25	26.9	27.2	23.8	24.6	25.6	24.9	23.5	24.7	23.2	24.9	26.5	25.8	25.2	25.1	23.8	33.5	27.4	26.9	27.2	25.2	26.2	25.3	25.8	25.2	24.8	26.4	23.9	25.9	26.3	25.1	26.3	24.7	26	26.6	26.7	26.5	23.1	25	26.5	23.8	24.8	24.7	24.7	27.3	25.5	27.4	26.3	25.2	24.6	25.2	25.2	23.4	25.3	24.6	32.6	25.5	24.8	24.5	24.6	25.1	26.2	27	26.9	32.9	23.3	25.5	25.1	25.6	32.9	23.8	23.3	25.5	23.2	24.9	26.4	23.7	24.7	26	25.3	26.2	25.4	24.9	26.4	24.5	26.4	26.6	25.1	23.8	24.2	25.2	24.8	24.5	23.7	24.6	25.6	24.7	30.6	25.2	25.2	24.8	28.2	25	25.2	26.7	26.3	25	23.6	28.1	29	27.7	30.9	24.2	25	40.9	29.3	70.7	23.9	28.7	28.3
cory22	31.5	32.2	29.1	18.4	21.5	29.6	32.9	39.3	50.6	35	20.1	30.8	58.3	48.9	37.9	29.6	24.7	29.7	31.7	26.7	22.3	0	24.8	22.1	21.3	20.6	29.8	38.1	20.4	22.8	20.7	21.1	20.9	20.9	20.7	20.6	20.3	20.6	21.6	20.8	21.3	20.3	20.3	22.6	22.2	20.6	20.8	20.3	22.4	23.1	20.4	20.1	22.8	21.2	22.6	20.6	22	21.3	23.2	21.1	21.2	20.7	22.1	21	22.2	20.6	35.6	22.4	21.4	22.3	21.7	23.3	21.8	20.2	20.1	21.1	20.3	21.6	20.9	20.9	21.7	20.6	22.9	20.3	27.7	23.3	20.4	22.8	24.4	22.2	22.6	20.7	20.6	31.4	20	19.8	21.8	19.8	22.1	21.3	24.4	21.1	20.7	19.5	23.4	20	20.6	18.8	22.1	21.4	20.2	24.3	22.9	20.5	20.5	22.6	23.6	21.1	21	20.1	20.3	21	21.2	20.7	20.2	20	21.8	22.2	20.1	20.8	20.4	21.2	20.9	20.3	22	21.5	19.9	20.3	21.7	20.4	26.6	20.7	23.1	20.6	20.8	20.5	22	21.1	23.2	21.4	20.1	21.2	21.7	20.9	20.4	20.4	20	21	21.5	22	21.2	21	20.3	29.5	24.4	23.2	23.3	21.6	22.3	22.1	22.3	21.5	22.3	22.9	20.5	21.2	21.9	20.8	21.9	20.6	21.3	21.3	21.8	21.4	20.5	20.7	21.8	21.5	20.6	21.8	21.8	22.1	21	24.2	21.2	21.5	20.3	20.9	21.2	20.8	20.9	20.2	28.9	21.4	20.7	21	20.3	20.3	21.9	21.3	23.5	29.5	19.5	22.2	21.1	21.1	29.6	19.7	20.2	22.2	20.6	20.8	22.1	20.2	20.8	21.5	21.1	22.7	20.8	20.7	22	20.7	21.9	21.3	21	19.1	20.6	21.2	21	21	19.6	21.1	21.2	20.5	25.7	20.6	21.2	21.2	24.4	20.8	20.9	21.6	21.9	20.6	20.3	25.7	26.2	25.4	28.2	20.1	20.9	38.7	25.9	69.4	19.9	26.2	25.7
cory23	33.5	37.2	34.9	25.3	24.4	31.6	34.7	41.1	52.1	37.9	24.9	32.7	57.3	47.9	40.6	32.6	27	32.1	34	30.3	23.6	24.8	0	12.8	25	24.3	30.5	38.3	20.4	25.6	24.6	24.5	24.7	24.7	23.7	23.8	24	20.5	24.6	24.1	24.4	23.9	24	25.4	25.7	24.6	24.8	23.9	22.8	23	24.3	23.8	22.9	21.5	25.2	24.5	24.6	24.9	25.9	24.1	24.2	24.2	25.6	24.7	25.3	24.6	36.9	24.7	24.3	25.2	24.2	26.3	24.1	21	24.2	24.9	19.6	24.6	24.7	24.7	24.8	24.8	26.2	24.2	30.7	26.7	20.7	25.3	25.8	24.7	25.4	20.5	24.5	33.2	23.3	23	23.8	19.7	25.3	21.3	26.5	24.3	24.6	22.9	26.9	23.8	24.3	23	24.5	25	24.1	26.3	25.7	23.7	24.1	25.5	25.3	24.9	24.8	23.7	23.9	24.3	24.3	24.2	24.2	23.8	21.6	25.3	24.2	24.5	24.4	24.1	24.5	24.1	25	25.4	23.4	23.9	24.3	23.9	29.4	24.6	26.4	23.6	23.9	23.8	24.9	24.4	25.9	24.3	24.4	24.4	24.5	24.5	24.2	24.1	23.6	24.8	25.5	22.8	24.8	24.8	23.9	31.7	26.9	25.7	25.8	24.6	25	24.6	21.6	24.5	25.4	26.8	20.5	24.6	25	24.4	25	24.1	24.7	25.1	24.6	25.3	19.4	24.2	24.9	24.9	24.5	26.1	25.4	24.4	25	27.1	25	24.7	24.3	24.5	25	20.1	24.6	24.1	29.4	24.9	24.2	24.8	24	24.5	24.8	24.7	25.1	30.5	23.9	25.4	24.7	24.8	30.4	24	23.3	25.3	19.9	24.2	25.2	23.4	24.3	24.5	24.7	26.9	24.4	24.4	24.9	24.8	25	25.1	24.5	23.5	24.8	24.4	24.4	24.8	24.2	23.9	25.1	23.9	28.1	24.1	25	24.1	27.7	24.6	24.7	25.2	25	24.2	24.5	27.2	29.2	27.8	30.2	26.1	24.4	42.3	26.7	70.4	24	29.5	29.2
cory24	32.1	36.7	33.5	22.6	22.9	29.7	33	41	51.6	36.6	22.5	31.5	58.2	48.9	39.3	31.2	25.6	30.1	32.8	28.6	24.1	22.1	12.8	0	22.8	22.1	29.7	37.5	17.3	23.2	22.9	22.7	23	22.9	21.9	21.8	21.8	17.1	22.1	23	22.7	21.9	22.1	23.1	23.7	22.9	22.7	21.7	19.8	20	21.8	21.6	20.1	18.2	23.8	22.4	22.4	22.9	23.6	22.8	22.4	22.3	24	23	23.1	22.2	36.1	22.3	21.8	23	22	24.4	23.1	17.3	22.4	23.1	16.2	22.1	22.9	23.1	23.3	23	24.2	22.6	29	24.8	17.6	23.2	23.5	22.5	23	17.8	22.5	32	21.4	21.1	22.2	16.5	23.6	17.8	24.3	23.3	22.4	20.9	25	21.3	21.8	21	22.4	22.4	22.2	25.1	23.1	21.7	22.2	23.4	24.2	22.6	23.1	21.3	21.9	21.8	22.6	22.1	22.1	21.7	19.1	23	21.9	22.1	22.4	22.5	22.5	22.1	23	23.6	21.5	21.8	21.8	21.9	27.6	22.8	24.5	21.8	22.2	22.2	23.2	22.7	23.5	23.4	22.6	23.4	22.1	22.4	21.9	22.3	21.7	22.9	23	19.8	23.1	23.1	22.1	29.6	25.6	23.3	23.4	22.2	22.7	22.2	18.3	22	22.8	25.2	16.9	22.3	22.8	22.2	22.8	22.1	22.5	22.9	22.7	23.2	15.7	22.3	22.8	23.2	22.5	23.8	23.9	22.8	23.1	25.2	22.8	23.5	21.8	22.5	23.2	16.8	22.7	21.9	28.4	22.7	22.1	22.6	21.8	22.7	22.5	23.8	23.6	29.1	21	23.3	22.8	22.7	28.8	21.1	21.4	23	16.5	22.2	23	21.5	22.5	22.3	23	25.3	22.3	22.4	22.7	22.4	22.9	22.9	22.4	20.6	22.8	22.7	22.4	22.6	21.9	22.6	23.5	22.1	26.4	22.1	22.6	22.5	26.1	22.5	22.4	23	22.8	22.4	22.6	24.7	27.2	25.6	28.6	24	22.6	41.3	24.5	70.3	21.6	27.8	27.2
cory25	32	35.7	32.6	20.8	21.9	29.6	32.7	41.5	50.3	33.5	20.5	30	57.3	47.3	36.4	29.8	23.9	27	31.6	24.5	25.8	21.3	25	22.8	0	10.9	29.9	37	21.8	23.1	12.8	22	12.5	12.8	13.5	14.2	14.1	21.6	22	18	11.9	14.4	13.4	23.1	14.4	12.5	15	14.5	23.2	23.4	14.4	14	23.4	22.5	21.8	12.9	22	18.7	23.2	18.2	14.6	11.4	13.2	12.1	22.4	21.3	35.9	22.2	21.3	22.7	21.5	21.4	22.6	21.9	17.3	11.8	21.4	21.9	12.9	12.7	14	17.7	16	18.4	28	16.3	21.2	22.8	25.3	21.9	23.1	21.9	11.2	31.1	16.6	17.6	21.4	20.6	22.8	22.5	24.8	17.8	18.6	17.2	21.5	13.8	15	17.1	22.3	21.7	17.5	23.9	22.8	13.9	14.1	22.4	23.3	19.3	12.2	13.9	12.9	18.8	12.8	14.1	14	17.5	22.2	22.7	13.9	15.4	14.7	14.3	12.1	14.1	22.4	13.5	16.7	12.9	21.5	14.6	26.5	12	24	15.5	15.3	15.3	21.9	12	22.9	22.8	16.9	18.4	21.6	12.3	16.8	12.6	16.8	12.6	22.6	22.9	12.7	12.7	17.3	29.7	20.7	23.1	23.2	22	22.1	21.9	22.7	21.4	21	20.8	21.5	21.2	21.9	13.3	21.6	11.9	21.4	22	22.6	22.2	20.6	12.4	21.9	13.5	14.7	20.7	20.9	22.6	14.1	17.6	21.7	12.8	13.2	11.7	12.4	21.2	12.8	13.7	29.2	14	15.3	18.9	13.6	12.7	21.7	22.9	17.4	30.2	16	15.3	12	12.5	29.3	16.9	17.7	14.9	21.2	13.1	21.8	17.9	12	21.3	11.8	20.9	12	13.4	21.8	19.1	22	21.8	12.2	16.9	16.9	12.4	14.1	18.9	17.1	12.5	11.7	12.6	24.2	12.7	13.6	16.1	25.6	13.7	13	22.1	21.6	12.3	18.8	23.5	26.6	25.8	27.6	24.1	12	39.7	24.5	68.6	18.6	25.8	25.7
cory26	31.5	35.4	32.2	20.4	20.8	28.7	31.9	40.5	50.4	34.7	19.9	29	57.9	48.5	38.1	29	23	28.2	31.3	25.8	25.1	20.6	24.3	22.1	10.9	0	29	38.6	21.2	21.7	9.3	20.6	8.2	9.7	11.8	10.8	9.4	20.9	20.7	16.3	10.3	10.4	10.3	21.6	11.1	8	12.5	10.9	22	22.5	9.8	10.3	22.1	21	19.9	9.3	20.5	18	21.8	17.6	11.6	10.3	10.4	8.3	21	20.1	34.9	20.3	19.6	21.2	19.9	20.4	21	21.1	15	9	20.9	20.3	9.2	9.3	12.5	15.7	13.1	17	26.6	13.9	19.8	21.4	24	20	21.6	21.1	10.3	30.2	14.6	15.7	20.4	19.2	21.5	21.6	23.5	15.8	17.7	15.8	20.5	10.3	10	15.7	20.7	20.5	16.8	23.5	21.2	10.3	11.1	20.9	22	18.3	7.9	9	10.8	17.4	10.5	10.4	10.4	16.8	21	21.3	9.9	11.9	11.3	11.4	7.3	10.7	21.2	10.7	14.9	8.9	19.8	10.9	25.2	8	22.8	13.3	13.2	13.4	20.6	8.9	21.6	21.3	15.1	17.8	19.9	8.4	15	8.3	14.9	7.7	21.2	21.7	9.5	8.5	15.6	28.7	19.1	21.8	21.9	20.4	20.7	20.2	21.8	19.8	19.9	18.9	20.7	19.5	20.2	9.1	20.1	8.8	20	20.4	21.1	20.6	19.8	6.5	20.1	12.8	10.6	19.4	19.6	21.2	10.1	15.4	20.1	10.3	9	8.4	9.3	20.3	9.3	9.9	28.3	9.8	12.6	17.9	9.6	10.4	20.1	21.6	15.1	29.4	13.3	12.1	9	8.2	28.7	14.5	15.2	11.8	20.4	9	20.3	15.6	9.9	19.7	9.6	18.9	8.9	10.8	20	17.3	20.2	20.3	8.3	15.2	14.8	8.7	11.3	17.9	15.4	11.1	8.3	9.4	25.4	8.4	9.8	13.9	24.3	9.5	9.2	20.4	20.1	10.2	16.9	23.2	26.7	25.3	28	24	8.1	39.5	24.9	69.1	16.9	24.9	24.2
cory27	27.5	38	34.9	27.5	27.9	36	38.8	41.9	52.8	41.6	28.2	35.9	60.7	50.3	43.2	35.3	31.6	36	36.7	34.4	29	29.8	30.5	29.7	29.9	29	0	42.2	28.8	30.4	29.6	29.7	29.4	29.4	28.9	28.8	28.4	27.9	29.4	29.1	29.4	28.1	28.7	30.2	30.3	29.3	29.4	28.8	30.6	30.4	28.5	28.8	30.5	29.6	27.5	28.8	29.8	28.5	30.7	28.3	29	29	29	29.3	30	29.3	40.6	29.4	29.3	30.3	29.7	29.4	29.7	27.7	29.4	29.5	28.9	29.2	29.2	29.5	29	29.7	30.6	29.3	33.7	30.9	28.7	30.3	32.3	29.4	30.4	27.9	29.1	36.4	28.6	28.1	28.1	28.1	30.3	28.7	29.8	29.6	28.5	28.4	30.8	28.8	28.8	28.3	30	29.6	28.4	31.7	30.6	28.6	28.5	30.7	30	28.8	29.4	28.2	28.7	27.4	28.9	28.8	28.4	28.3	28.9	30.7	28.4	27.7	29	28.7	29.3	28.3	29.8	29.7	29	28.2	29.4	28.8	32.9	29.3	31.1	29.2	29.2	29.1	28.9	29.2	30.7	29.9	29.3	28.2	29.6	29.2	29.5	28.9	28.8	29.4	30.7	29.3	29.5	29.4	29.3	35.6	32	30.7	30.9	29.4	30.2	29.6	29.8	29.3	28.9	30.3	28.7	29.6	30	29.5	30.2	28.9	29.8	30.2	30.1	30.5	27.9	29.1	30.3	29.1	28.9	29.5	29.9	30.3	28.3	31.4	30	29.6	29.3	29.3	29.6	27.6	29.2	29.1	35.3	29.3	29	28.7	28.7	29	29.6	29.8	29.6	36.4	28.8	30	29.3	29.3	35.9	28.4	28.3	29.9	28.2	28.8	30	28.8	29	29.8	29.4	30.2	29.3	29.4	29.8	28.7	30.2	30.4	29.2	28.9	28.9	29.4	28.7	28.7	29.3	29	29.7	28.9	32.4	29.2	29.4	29.2	31.9	29.4	29.3	30.2	30.2	29.2	29.7	31.7	33	31.3	33.9	31.2	29.1	44.3	32.2	72	28.3	29.8	32.6
cory28	42.2	43.7	41.5	40.2	39.4	41.3	42.7	47.9	59.8	36	38.4	41.2	58.3	48.9	35.1	40.4	37.4	32.6	43.5	35.5	42.1	38.1	38.3	37.5	37	38.6	42.2	0	37	39.4	38.7	37.7	38.9	38.9	37.7	38.1	38.8	37.6	37.5	39.3	38.3	38.5	38.9	39.3	39.6	38.8	39.2	38.9	39.6	39.9	38.9	38.6	40.2	39.2	40	38.4	38.6	39.1	39.5	38.7	39.1	38.7	39.2	38.4	39.4	38	46.4	38.6	38.1	39.3	38.4	40.7	37.6	37.3	39.3	38.4	37.8	38.4	39	38.8	38.7	39.5	39.6	39.8	42.3	39.6	38.7	39.4	40.3	38.6	39.3	38.1	38.2	44.1	38.9	39.1	37.1	38.4	37.7	38.2	40	39.4	40.5	39.3	41.7	38.6	39.1	39.7	37.7	37.1	39.4	39.6	39.6	38.2	38.4	39.7	39.2	40.6	38.8	39	38.9	40.1	38.1	38.3	38.7	39.6	37.2	39.1	38.8	38.5	38.9	38.5	38.7	38.4	37.1	39.1	39.2	38.9	38.3	38.7	40.8	38.6	37.6	37.8	38	37.8	38.2	38.3	39.5	37.7	39.4	38.8	38.3	39	39.6	38.5	39	39.1	39.6	39.2	38.8	38.7	39.4	41.9	41	39.6	39.4	38.4	39.1	38.5	39.6	38.3	40.8	40.7	38.3	39.3	39.8	38.6	39.4	38.7	39.2	39.8	37.8	39.5	38.2	38.6	39.5	39.1	40.1	40.7	40	37.8	39.4	40.2	39.2	38.5	39	38.8	39	38.3	39	38.7	41.7	39.4	38.2	40.4	38.9	39.2	39.4	37.8	39.3	42.8	39.2	38.8	38.5	38.8	42.1	39.3	38.9	38.8	38.1	38.7	39.5	39.2	38.3	39.3	38.2	40.8	38	38.2	39.7	39.4	39.5	39.4	38.9	39.6	38.8	38.7	38.8	40.4	40.1	38.5	38.5	38.5	40.4	38.4	38.8	38	40.1	39.1	39.1	39.5	39.4	38	40.1	38.6	40.7	40.2	40	39.9	38.4	44.4	39.2	71.4	40.1	43.5	42.1
cory29	31.3	35.8	32.2	22.2	22.6	30.3	33.8	41.1	50.7	35.5	21	30	57.2	47.4	37.4	30	24.9	27.7	32.1	26.5	24.8	20.4	20.4	17.3	21.8	21.2	28.8	37	0	21	21.9	19.1	21.8	21.5	20.6	20.5	20.9	8.4	18.5	21.4	22	20.3	21	20.8	22.4	21.7	21.1	20.9	15.8	16.6	20.9	20.9	16.8	15.6	23	21.2	19.2	22	20.4	21.7	21.2	21.2	22.5	21.3	19.7	19.2	34.9	19.6	19	20.5	19.1	22.8	19.5	8.4	20.6	21.5	6	19.9	21.6	21.6	21.9	20.9	23.1	21.1	26.6	23.1	13.1	20.5	21.5	19.6	21	12.4	21	29.8	19.5	19.5	20.2	14.9	19.8	11.9	21.7	21.5	21.4	19.7	24.4	20.6	20.6	19.4	19	19	20.8	22.2	20.5	20.7	20.3	20.7	21.1	21.8	21.8	20.4	20.9	21.3	21	21	21	19.9	14.4	20.9	20.9	21.2	21.5	21	21.4	21	19.8	22.6	20.1	20.6	19	20.9	25.4	21.4	20.9	20.2	20.5	20.3	20.7	21.5	20.9	19.8	20.7	22	19.5	21.3	20.4	21.1	20.7	21.6	20.4	14.5	22	21.7	20	29.6	23.8	20.5	20.6	19.3	19.8	19.4	15.7	19.6	22.4	23.6	12.7	19.9	20.4	21.3	20.4	20.9	20.1	20.7	19.2	20.6	14.1	21.5	20.1	21.8	21.3	21.9	22.7	19	22.3	23.7	20.2	21.9	20.7	21.4	21.8	15.1	21.5	20.9	27.6	21.8	20.8	21.7	20.6	21.6	20	20.1	21.7	28.4	20	22.1	21.3	22.1	28.1	19.8	19.9	21.6	9.8	21.5	20.7	20.4	21.3	20	21.5	23.6	21.1	20.7	20.4	21.4	20.2	20.6	21.3	20.3	21.5	21.8	21.3	21.7	20.2	21.5	22.3	21.4	24.4	21.5	21.6	21.2	23.3	22.1	21.4	20.5	20.4	21.3	21.5	22.9	25.6	24.3	25.1	22	21.5	39.9	26.6	68.9	21	26.8	26
